9 0.8617470520624919 0.2187050359712231 0.1159848452598868 0.02877697841726621
9 0.5209143927461581 0.5107913669064748 0.7040483589459794 0.2561151079136691
4 0.5239666255161551 0.4762589928057554 0.7020135370993147 0.32517985611510797
11 0.5239666255161552 0.6978417266187052 0.6938742497126562 0.08920863309352542
11 0.9146524200757737 0.0381294964028777 0.038661615086629124 0.012949640287769787
6 0.3957728491762802 0.2827338129496403 0.4252777659529181 0.024460431654676283
1 0.6755608530926738 0.9705035971223022 0.04476608062662308 0.030215827338129487
1 0.7834064109659019 0.9705035971223022 0.036626793239964144 0.030215827338129487
8 0.8851475032991358 0.9712230215827339 0.052905368013281585 0.017266187050359746
1 0.8190157932825337 0.038129496402877695 0.03052232769997019 0.027338129496402876
5 0.49999999999999994 0.5 0.9999999999999999 1.0
