4 0.426791866754735 0.11151079136690648 0.5788671296213648 0.08489208633093527
4 0.42801828016494986 0.6928057553956833 0.5813199564417943 0.13669064748201434
9 0.4304711069853793 0.29568345323740997 0.5960369173643715 0.25755395683453225
6 0.3139618330149776 0.4604316546762589 0.34339575486013174 0.014388489208633075
6 0.4721691629326811 0.5410071942446042 0.6843386828998338 0.017266187050359746
6 0.2931128050413267 0.7856115107913668 0.29679204527197095 0.02014388489208642
11 0.9382062588142884 0.01726618705035971 0.04660370958816074 0.01726618705035971
8 0.8548101469196848 0.01942446043165467 0.06622632415159685 0.015827338129496396
5 0.49999999999999967 0.5 0.9999999999999993 1.0
1 0.05273577663923451 0.9661870503597121 0.04660370958816073 0.030215827338129345
