4 0.7232814795284191 0.27697841726618705 0.34550453877735515 0.08776978417266189
9 0.40910015443142883 0.4935251798561151 0.7422652453953071 0.12086330935251809
9 0.4081509661380844 0.6841726618705036 0.7441636219819956 0.22589928057553949
6 0.4081509661380844 0.12302158273381295 0.3113337602169573 0.06187050359712231
6 0.8466759576631888 0.20575539568345327 0.09112207616106076 0.017266187050359712
6 0.16800632792195563 0.38633093525179857 0.10061395909450449 0.021582733812949683
10 0.09586801762778259 0.8705035971223022 0.07403668688086182 0.014388489208633075
10 0.09966477080116012 0.8726618705035972 0.12719123130814722 0.06187050359712245
8 0.9406455987042827 0.03884892086330935 0.020882142453576336 0.034532374100719423
5 0.5 0.49999999999999994 1.0 0.9999999999999999
