4 0.844015463785555 0.16690647482014387 0.16135589748841497 0.08633093525179858
4 0.49027368852249154 0.297841726618705 0.6495609206584909 0.12661870503597122
9 0.4902736885224917 0.5467625899280576 0.6578355820681534 0.31366906474820155
11 0.8067794874420748 0.05683453237410072 0.07033462198212959 0.015827338129496403
11 0.9298650759108017 0.03525179856115108 0.04757930310555821 0.033093525179856115
10 0.24410251158503804 0.8251798561151079 0.09102127550628537 0.021582733812949756
10 0.24410251158503804 0.8223021582733813 0.17376788960290843 0.056115107913668964
7 0.7643718477175555 0.7503597122302159 0.11377659438285662 0.03597122302158269
8 0.683693898973348 0.03597122302158273 0.014480657466909151 0.031654676258992806
5 0.5000000000000001 0.5 1.0000000000000002 1.0
