4 0.7095526586249798 0.3697841726618705 0.43733434305187446 0.07482014388489204
4 0.4516146481311193 0.5122302158273381 0.6818845675339429 0.12086330935251788
9 0.47839022015470334 0.19784172661870505 0.5997728133282848 0.1971223021582734
9 0.23383999567263486 0.6676258992805755 0.20349434737923947 0.08057553956834532
6 0.8157624276518637 0.4237410071942446 0.2249148049981068 0.018705035971223014
6 0.33023205495753777 0.5870503597122302 0.3998485422188566 0.020143884892086277
6 0.4792827392221561 0.8007194244604317 0.49802563963866503 0.018705035971223083
8 0.9032292962622381 0.04820143884892088 0.12138259317358098 0.03309352517985613
10 0.054443663114621094 0.04388489208633094 0.016065343214150485 0.0446043165467626
5 0.4999999999999997 0.4999999999999998 0.9999999999999994 0.9999999999999996
