4 0.775857453572026 0.37985611510791367 0.2617031955830683 0.07194244604316553
4 0.5207629245440856 0.47841726618705016 0.7613183871507442 0.09928057553956814
4 0.5022586581897273 0.6266187050359713 0.7190229211979253 0.16546762589928057
4 0.746779320729463 0.7589928057553956 0.30928559477998996 0.07050359712230218
4 0.5049021248117785 0.21079136690647482 0.6502927890245942 0.1856115107913669
4 0.4996151915676761 0.21223021582733814 0.7190229211979253 0.22589928057553954
10 0.23262506274050523 0.8287769784172662 0.06344319892922869 0.008633093525179873
8 0.2339467960515309 0.8316546762589928 0.18239919692153253 0.04028776978417255
8 0.8393006525012546 0.05035971223021583 0.07137359879538238 0.017266187050359712
11 0.9344654508950978 0.04820143884892086 0.055512799063075276 0.033093525179856115
1 0.890848251631253 0.9294964028776979 0.052869332441023854 0.03165467625899282
1 0.7467793207294627 0.04892086330935252 0.050225865818972724 0.031654676258992806
5 0.49999999999999994 0.49999999999999983 0.9999999999999999 0.9999999999999997
