4 0.4269992570175598 0.09424460431654676 0.6085678560426219 0.06762589928057552
4 0.7413007629161155 0.2446043165467626 0.3556240146421906 0.054676258992805774
4 0.2892575612054437 0.37913669064748207 0.34811083123425696 0.053237410071942506
9 0.4194860736096262 0.746043165467626 0.6035590671039994 0.19712230215827334
4 0.42199046807893736 0.5345323741007194 0.6035590671039995 0.22302158273381295
11 0.9353913342877337 0.031654676258992806 0.04257470597829055 0.017266187050359712
6 0.30052733631734413 0.15179856115107915 0.34059764782632335 0.01582733812949641
6 0.8239457804033853 0.2899280575539568 0.17029882391316178 0.018705035971223048
6 0.30303173078665535 0.8805755395683454 0.3506152257035681 0.020143884892086277
8 0.8489897250964973 0.030935251798561148 0.06511425620209124 0.015827338129496403
1 0.040070311508979224 0.9726618705035972 0.045079100447601626 0.03165467625899282
5 0.5 0.49999999999999994 1.0 0.9999999999999999
