4 0.45031264707859875 0.20719424460431654 0.6246890338196731 0.15827338129496402
4 0.6582229543468029 0.35539568345323747 0.4886371276810327 0.06618705035971224
4 0.4627681032743899 0.5597122302158273 0.6419350500907686 0.2071942446043166
11 0.8364317891481207 0.7323741007194243 0.1398843541988839 0.06618705035971206
11 0.8996671821421367 0.06402877697841726 0.04024070463255555 0.015827338129496403
6 0.3372554293014187 0.42805755395683454 0.3449203254219054 0.024460431654676283
6 0.33917165333154037 0.8064748201438848 0.3449203254219054 0.018705035971223083
10 0.20886841928326497 0.8561151079136691 0.12263833792778861 0.05179856115107924
1 0.08335574531029381 0.9482014388489207 0.04024070463255565 0.04892086330935243
5 0.5 0.49999999999999983 1.0 0.9999999999999997
