4 0.689557015804679 0.39568345323741005 0.4734889253951169 0.06618705035971206
4 0.4983005721407126 0.59568345323741 0.6368322664702883 0.16115107913669063
5 0.5272474933439074 0.2741007194244605 0.7071319322494758 0.1338129496402878
6 0.4011216223871297 0.4776978417266187 0.4176627202175267 0.03165467625899282
1 0.6802526482750807 0.9597122302158273 0.04548801903359205 0.02877697841726615
11 0.7846683283294624 0.9604316546762586 0.039285107347193184 0.02446043165467628
8 0.8911516456126438 0.960431654676259 0.04548801903359205 0.018705035971223083
11 0.919064748201439 0.04388489208633093 0.039285107347193114 0.012949640287769784
1 0.8218857984478558 0.04100719424460431 0.026879283974395412 0.027338129496402873
5 0.5 0.5000000000000001 1.0 1.0000000000000002
