4 0.38729248709349734 0.19352517985611498 0.5520281647022809 0.13669064748201418
4 0.7538566438918488 0.33956834532374086 0.3294713552175665 0.08057553956834561
4 0.8334970708153014 0.697841726618705 0.16582664236115932 0.07194244604316519
6 0.8236783880439168 0.35755395683453245 0.09818682771384431 0.01294964028776981
6 0.8204054937867887 0.7115107913669064 0.10036875721859645 0.015827338129496268
6 0.6458511334066209 0.827338129496403 0.09600489820909225 0.017266187050359746
4 0.4145666059028985 0.8129496402877697 0.6065764023210831 0.07769784172661857
11 0.9327748632815218 0.06187050359712232 0.045820519599793885 0.023021582733812943
11 0.8640440838818306 0.061870503597122296 0.04800244910454609 0.014388489208633094
1 0.033819907323657514 0.9820143884892087 0.04582051959979405 0.03309352517985602
5 0.5000000000000001 0.49999999999999994 1.0000000000000002 0.9999999999999999
