4 0.4707528809778925 0.1892086330935252 0.8835669458354289 0.21151079136690643
4 0.9149504712339551 0.38848920863309355 0.07564234326824258 0.06618705035971216
4 0.46270582318339853 0.5460431654676259 0.8932234151888215 0.13381294964028775
4 0.8883951805121254 0.7064748201438849 0.12875292471190222 0.07194244604316538
11 0.9769128162515582 0.03597122302158273 0.032188231177975556 0.025899280575539568
6 0.07242352015044501 0.8151079136690647 0.11909645535850957 0.038848920863309704
6 0.11909645535850955 0.3244604316546763 0.17703527147886555 0.018705035971223048
6 0.8207998950383767 0.4496402877697841 0.24463055695261426 0.015827338129496483
6 0.12151057269685772 0.6366906474820143 0.17864468303776435 0.01582733812949634
6 0.894028120968271 0.7676258992805753 0.09173645885723034 0.021582733812949614
1 0.9069034134394613 0.03597122302158273 0.040235288972469335 0.03741007194244604
5 0.5000000000000001 0.49999999999999994 1.0000000000000002 0.9999999999999999
