4 0.6499946311607431 0.19496402877697838 0.5214646193492968 0.05899280575539567
4 0.6402018683560615 0.8302158273381295 0.54105014495866 0.057553956834532585
9 0.4235369913024804 0.5071942446043165 0.6022549124879201 0.3928057553956835
6 0.3035756469451305 0.10359712230215827 0.34274669816385706 0.017266187050359712
6 0.8225920755932568 0.24244604316546764 0.16647696767958764 0.015827338129496375
6 0.3035756469451305 0.7381294964028777 0.33785031676151617 0.020143884892086277
6 0.8189197895415012 0.8762589928057554 0.16892515838075794 0.017266187050359746
11 0.9315365617953398 0.015107913669064747 0.041619241919896834 0.021582733812949638
8 0.8458498872543757 0.016546762589928057 0.06120476752926024 0.015827338129496403
1 0.04651562332223772 0.9697841726618706 0.04406743262106731 0.03165467625899282
5 0.5000000000000001 0.5 1.0000000000000002 1.0
