4 0.5327264718837176 0.2093525179856115 0.8003975469545871 0.1568345323741007
4 0.7297742339880058 0.6007194244604317 0.4411777328529641 0.07050359712230211
9 0.49349129801339475 0.4223021582733813 0.8893306077273191 0.1539568345323741
11 0.9320533526083372 0.04388489208633093 0.03313192460160593 0.012949640287769784
10 0.23105157945856816 0.7654676258992805 0.10985848683690407 0.025899280575539335
10 0.22843590120054663 0.772661870503597 0.19181640558824525 0.10647482014388487
6 0.22058886642648204 0.3107913669064748 0.14473419694385778 0.02302158273381295
6 0.23977050698530658 0.8402877697841725 0.15519690997594388 0.020143884892086277
1 0.8265543295348025 0.045323741007194246 0.048825994149735125 0.03884892086330935
5 0.5 0.5000000000000001 1.0 1.0000000000000002
