4 0.752524540731879 0.09928057553956834 0.3310073581226135 0.06330935251798564
4 0.4603071073892594 0.24964028776978417 0.8740663050425264 0.07625899280575538
4 0.6943396535618885 0.3906474820143885 0.44220514249192894 0.07625899280575546
4 0.4719440848232575 0.5848920863309353 0.8921682699398567 0.16258992805755404
4 0.6839956736205568 0.7726618705035971 0.46289310237459236 0.07482014388489219
11 0.7486455482538799 0.026618705035971222 0.0594778846626572 0.01870503597122302
11 0.8960472624178561 0.027338129496402876 0.05430589469199134 0.025899280575539568
6 0.2236885662312974 0.18489208633093526 0.40082922272660226 0.024460431654676283
6 0.5081480146179185 0.3280575539568345 0.064649874633323 0.017266187050359677
6 0.2223955687386309 0.47913669064748204 0.4034152177119351 0.020143884892086347
6 0.47970206977925645 0.7093525179856115 0.064649874633323 0.02302158273381295
6 0.3348863506006129 0.8503597122302159 0.6232247914652332 0.02589928057553962
5 0.49999999999999994 0.49999999999999983 0.9999999999999999 0.9999999999999997
