4 0.7714170236844232 0.36043165467625893 0.3218494867027726 0.07625899280575535
4 0.4789426885457925 0.5115107913669064 0.8608196588796377 0.07625899280575531
11 0.766308301673268 0.027338129496402876 0.07663083016732684 0.02014388489208633
11 0.9106296984884003 0.026618705035971225 0.05875030312828386 0.030215827338129504
9 0.627095626869291 0.7122302158273383 0.6002748363107266 0.2705035971223022
6 0.6411446123999676 0.2964028776978417 0.06641338614501663 0.020143884892086347
4 0.49299167407646904 0.18489208633093526 0.8889176299409908 0.08201438848920865
4 0.4814970495513701 0.08633093525179855 0.8914719909465686 0.04028776978417266
6 0.24777301754102335 0.4482014388489209 0.39848031687009944 0.021582733812949683
5 0.5 0.49999999999999994 1.0 0.9999999999999999
