4 0.4683711198371981 0.3237410071942446 0.6341024391642066 0.18705035971223022
4 0.7662071139900829 0.4863309352517986 0.32665883229671244 0.048920863309352566
4 0.46596921665854574 0.6525179856115108 0.6244948264495974 0.19136690647482013
11 0.8502737252429132 0.03741007194244604 0.048038063573045804 0.014388489208633101
11 0.9415460460317007 0.030935251798561148 0.043234257215741395 0.027338129496402876
6 0.4467539912293273 0.10287769784172662 0.6004757946630743 0.08201438848920864
6 0.47557682937315493 0.20431654676258992 0.09127232078878728 0.017266187050359712
6 0.8442689672962825 0.44244604316546765 0.15612370661239935 0.021582733812949614
6 0.5296196508928316 0.48920863309352514 0.10328183668204872 0.023021582733812877
6 0.23418555991859902 0.5352517985611511 0.4059216371922383 0.017266187050359746
6 0.23538651150792514 0.7726618705035971 0.403519734013586 0.020143884892086277
2 0.4527587491759581 0.8525179856115108 0.598073891484422 0.11942446043165461
1 0.039631402447762906 0.9712230215827339 0.04563616039439365 0.02589928057553962
5 0.49999999999999994 0.5 0.9999999999999999 1.0
