4 0.44744784647216274 0.18345323741007197 0.6318179229703309 0.12805755395683452
9 0.6393652360433552 0.6784172661870502 0.5153736641293825 0.0848920863309352
9 0.46577703536379333 0.45755395683453237 0.5692830432224141 0.2820143884892086
11 0.9218503824908411 0.03741007194244604 0.06253487974791681 0.02014388489208633
6 0.3827565915605246 0.8093525179856116 0.44636965889030195 0.030215827338129487
6 0.31159621115772285 0.2712230215827338 0.29542339742981333 0.018705035971222937
6 0.7374803059926728 0.7410071942446044 0.3148307739033049 0.02014388489208642
8 0.06684763007535924 0.04244604316546763 0.025876501964655196 0.04172661870503597
1 0.0722385679846624 0.9107913669064749 0.05822212942047417 0.043165467625899366
5 0.49999999999999994 0.5129496402877698 0.9999999999999999 0.9741007194244602
