4 0.5457580423955151 0.33309352517985613 0.8080532229734607 0.12230215827338131
4 0.6341101032217704 0.6949640287769785 0.6387117730564712 0.10647482014388487
9 0.49698034214768655 0.5287769784172661 0.49698034214768655 0.19424460431654672
11 0.8430259137171867 0.06258992805755396 0.06258270975193085 0.015827338129496403
11 0.9249356367748609 0.0460431654676259 0.049698034214768684 0.04028776978417266
6 0.21627848223093765 0.816546762589928 0.15645677437982736 0.06762589928057551
6 0.49790067611462674 0.15899280575539568 0.35156757537114125 0.018705035971223014
6 0.4942193402468661 0.22589928057553954 0.752833184957051 0.025899280575539585
6 0.3313202280984576 0.40863309352517985 0.3607709150405428 0.020143884892086347
8 0.04693703231394817 0.9417266187050359 0.05337937008252929 0.03309352517985602
5 0.49999999999999983 0.5000000000000001 0.9999999999999997 1.0000000000000002
