9 0.49505656344489624 0.43381294964028766 0.6221796475862788 0.3266187050359711
4 0.5012576895005734 0.3856115107913671 0.7089954123657595 0.4805755395683457
4 0.7017607653008029 0.6877697841726618 0.3948050255447817 0.09208633093525197
1 0.2377098321342925 0.7762589928057549 0.18603378167031606 0.05611510791366933
1 0.8784928578876031 0.8964028776978418 0.049609008445417685 0.034532374100719354
1 0.7348334375977479 0.061151079136690656 0.05994421853821294 0.044604316546762605
11 0.9198336982587844 0.06402877697841727 0.041340840371181145 0.04172661870503598
8 0.8268168074236263 0.061870503597122296 0.06614534459389006 0.02014388489208633
5 0.06097773954749245 0.25755395683453236 0.1219554790949849 0.08633093525179852
5 0.49999999999999983 0.5 0.9999999999999997 1.0
