4 0.46673311952847363 0.32517985611510797 0.8818757042558726 0.3194244604316547
4 0.910895380081477 0.5712230215827339 0.07416139377654503 0.07194244604316545
4 0.46834532374100724 0.7273381294964029 0.8689780705556038 0.1366906474820145
6 0.12010921383375227 0.13381294964028775 0.16928144231602668 0.01726618705035973
6 0.12010921383375228 0.5057553956834532 0.17250585074109387 0.01582733812949641
6 0.8181936378607958 0.6294964028776978 0.24021842766750454 0.01582733812949641
6 0.12413972436508625 0.8172661870503597 0.1805668718037618 0.014388489208633075
4 0.4707636300598076 0.1 0.8770390916182716 0.02158273381294963
11 0.9713530380514865 0.04388489208633094 0.030631880038138205 0.027338129496402887
1 0.9060587674438765 0.043165467625899276 0.03869290110080598 0.03741007194244604
5 0.5000000000000001 0.5 1.0000000000000002 1.0
